Ver además>
Riesgo de pobreza
Rhode Island - Población
Fecha Densidad Población
2023 274 1.095.962
2022 273 1.093.842
2021 274 1.097.092
2020 274 1.096.444
2019 274 1.094.524
2018 273 1.091.751
2017 271 1.084.914
2016 270 1.082.251
2015 269 1.077.348
2014 268 1.073.041
2013 267 1.068.168
2012 266 1.063.602
2011 265 1.058.647
2010 264 1.054.954
2009 263 1.053.646
2008 264 1.055.003
2007 264 1.057.315
2006 266 1.063.096
2005 267 1.067.916
2004 269 1.074.579
2003 268 1.071.342
2002 266 1.065.995
2001 264 1.057.142
2000 262 1.050.268
1999 260 1.040.402
1998 258 1.031.155
1997 256 1.025.353
1996 255 1.020.893
1995 254 1.017.002
1994 254 1.015.960
1993 254 1.015.112
1992 253 1.012.581
1991 253 1.010.649
1990 251 1.005.995
1989 250 1.000.666
1988 249 996.407
1987 247 989.605
1986 244 977.340
1985 242 968.956
1984 240 961.895
1983 239 956.382
1982 238 954.170
1981 238 953.012
1980 237 948.773
1979 239 956.643
1978 239 957.237
1977 239 955.128
1976 238 950.321
1975 237 946.339
1974 238 953.503
1973 244 978.010
1972 244 976.365
1971 241 963.974
1970 238 950.561
1969 233 932.000
1968 230 922.000
1967 227 909.000
1966 225 899.000
1965 223 893.000
1964 221 885.000
1963 219 876.000
1962 218 871.000
1961 214 858.000
1960 214 855.000
1959 214 857.000
1958 214 858.000
1957 213 851.000
1956 210 840.000
1955 206 823.000
1954 204 816.000
1953 204 815.000
1952 200 802.000
1951 196 784.000
1950 196 786.000
1949 200 801.000
1948 197 787.000
1947 196 784.000
1946 197 790.000
1945 210 842.000
1944 211 846.000
1943 217 868.000
1942 194 778.000
1941 186 744.000
1940 180 719.000
1939 175 701.000
1938 173 694.000
1937 173 694.000
1936 171 686.000
1935 169 678.000
1934 169 675.000
1933 169 675.000
1932 169 677.000
1931 170 681.000
1930 171 686.000
1929 171 684.000
Rhode Island - Población
1940
1940
1960
1960
1980
1980
2000
2000
2020
2020
200.000
200.000
400.000
400.000
600.000
600.000
800.000
800.000
1.000.000
1.000.000
1.200.000
1.200.000
Población
Población
1972
Población:
976.365
