Ver adem치s>
Riesgo de pobreza
Maine - Poblaci칩n
Fecha Densidad Poblaci칩n
2023 15 1.395.722
2022 15 1.389.338
2021 15 1.378.787
2020 15 1.364.517
2019 15 1.357.487
2018 15 1.350.525
2017 15 1.344.851
2016 15 1.340.177
2015 15 1.335.653
2014 15 1.336.530
2013 15 1.332.596
2012 15 1.330.899
2011 15 1.330.029
2010 14 1.327.961
2009 15 1.329.590
2008 15 1.330.509
2007 14 1.327.040
2006 14 1.323.619
2005 14 1.318.787
2004 14 1.313.688
2003 14 1.306.513
2002 14 1.295.960
2001 14 1.285.692
2000 14 1.277.072
1999 14 1.266.808
1998 14 1.259.127
1997 14 1.254.774
1996 14 1.249.060
1995 14 1.243.480
1994 14 1.242.662
1993 14 1.242.302
1992 14 1.238.508
1991 14 1.237.081
1990 13 1.231.719
1989 13 1.219.961
1988 13 1.203.840
1987 13 1.184.577
1986 13 1.170.126
1985 13 1.162.935
1984 13 1.155.634
1983 12 1.144.772
1982 12 1.136.683
1981 12 1.133.033
1980 12 1.126.860
1979 12 1.124.927
1978 12 1.115.457
1977 12 1.105.369
1976 12 1.089.960
1975 12 1.073.280
1974 12 1.060.050
1973 11 1.046.420
1972 11 1.034.817
1971 11 1.015.677
1970 11 996.784
1969 11 992.000
1968 11 994.000
1967 11 1.004.000
1966 11 999.000
1965 11 997.000
1964 11 993.000
1963 11 993.000
1962 11 994.000
1961 11 995.000
1960 11 975.000
1959 10 957.000
1958 10 944.000
1957 10 943.000
1956 10 938.000
1955 10 934.000
1954 10 927.000
1953 10 913.000
1952 10 915.000
1951 10 916.000
1950 10 917.000
1949 10 903.000
1948 10 878.000
1947 9 854.000
1946 9 835.000
1945 9 802.000
1944 9 805.000
1943 9 806.000
1942 9 838.000
1941 9 852.000
1940 9 849.000
1939 9 846.000
1938 9 843.000
1937 9 842.000
1936 9 840.000
1935 9 836.000
1934 9 829.000
1933 9 821.000
1932 9 815.000
1931 9 807.000
1930 9 800.000
1929 9 797.000
Maine - Poblaci칩n
