Ver además>
Riesgo de pobreza
Hawái - Población
Fecha Densidad Población
2021 51 1.441.553
2020 51 1.451.911
2019 51 1.457.034
2018 52 1.460.183
2017 52 1.458.361
2016 51 1.457.008
2015 51 1.446.479
2014 51 1.434.212
2013 50 1.423.171
2012 50 1.405.024
2011 49 1.384.943
2010 48 1.365.064
2009 48 1.346.717
2008 47 1.332.213
2007 46 1.315.675
2006 46 1.309.731
2005 46 1.292.729
2004 45 1.273.569
2003 44 1.251.154
2002 44 1.239.613
2001 43 1.225.948
2000 43 1.213.519
1999 43 1.210.300
1998 43 1.215.233
1997 43 1.211.640
1996 43 1.203.755
1995 42 1.196.854
1994 42 1.187.536
1993 41 1.172.838
1992 41 1.158.613
1991 40 1.136.754
1990 39 1.113.491
1989 39 1.094.588
1988 38 1.079.827
1987 38 1.067.917
1986 37 1.051.762
1985 37 1.039.698
1984 36 1.027.922
1983 36 1.012.717
1982 35 993.780
1981 35 978.195
1980 34 967.710
1979 34 950.050
1978 33 928.816
1977 32 915.749
1976 32 892.335
1975 31 875.052
1974 30 858.121
1973 30 841.851
1972 29 818.104
1971 28 791.580
1970 27 762.920
1969 26 743.000
1968 26 734.000
1967 26 723.000
1966 25 710.000
1965 25 704.000
1964 25 700.000
1963 24 682.000
1962 24 684.000
1961 23 659.000
1960 23 642.000
1959 22 622.000
1958 21 605.000
1957 20 573.000
1956 19 548.000
1955 19 529.000
1954 18 504.000
1953 18 499.000
1952 17 495.000
1951 18 502.000
1950 18 499.000
Hawái - Población
1960
1960
1970
1970
1980
1980
1990
1990
2000
2000
2010
2010
2…
2…
250.000
250.000
500.000
500.000
750.000
750.000
1.000.000
1.000.000
1.250.000
1.250.000
1.500.000
1.500.000
Población
Población
1982
Población:
993.780
