Ver además>
Riesgo de pobreza
Dakota del Norte - Población
Fecha Densidad Población
2023 4 783.926
2022 4 778.912
2021 4 777.982
2020 4 779.563
2019 4 776.516
2018 4 771.407
2017 4 766.673
2016 4 764.650
2015 4 762.693
2014 4 744.395
2013 4 727.382
2012 4 705.071
2011 4 687.065
2010 4 675.054
2009 4 664.968
2008 4 657.569
2007 4 652.822
2006 4 649.422
2005 4 646.089
2004 4 644.705
2003 3 638.817
2002 3 638.168
2001 3 639.062
2000 4 642.023
1999 4 644.259
1998 4 647.532
1997 4 649.716
1996 4 650.382
1995 4 647.832
1994 4 644.804
1993 4 641.216
1992 3 638.223
1991 3 635.753
1990 3 637.685
1989 4 646.351
1988 4 655.330
1987 4 661.141
1986 4 669.513
1985 4 676.979
1984 4 680.499
1983 4 676.687
1982 4 668.972
1981 4 659.504
1980 4 654.380
1979 4 652.152
1978 4 650.648
1977 4 649.168
1976 4 645.293
1975 3 638.469
1974 3 634.212
1973 3 632.411
1972 3 630.937
1971 3 626.659
1970 3 618.851
1969 3 621.000
1968 3 621.000
1967 3 626.000
1966 4 647.000
1965 4 649.000
1964 4 649.000
1963 4 644.000
1962 3 637.000
1961 4 641.000
1960 3 634.000
1959 3 618.000
1958 3 606.000
1957 3 612.000
1956 3 613.000
1955 3 615.000
1954 3 611.000
1953 3 609.000
1952 3 608.000
1951 3 604.000
1950 3 619.000
1949 3 597.000
1948 3 580.000
1947 3 578.000
1946 3 570.000
1945 3 544.000
1944 3 534.000
1943 3 546.000
1942 3 583.000
1941 3 615.000
1940 3 640.000
1939 4 644.000
1938 4 647.000
1937 4 655.000
1936 4 664.000
1935 4 670.000
1934 4 672.000
1933 4 674.000
1932 4 676.000
1931 4 680.000
1930 4 682.000
1929 4 674.000
Dakota del Norte - Población
1940
1940
1960
1960
1980
1980
2000
2000
2020
2020
200.000
200.000
400.000
400.000
600.000
600.000
800.000
800.000
Población
Población
1972
Población:
630.937
